{
 "cells": [
  {
   "cell_type": "markdown",
   "metadata": {},
   "source": [
    "# Libraries"
   ]
  },
  {
   "cell_type": "code",
   "execution_count": 1,
   "metadata": {},
   "outputs": [],
   "source": [
    "import numpy as np\n",
    "import numpy.linalg as linalg\n",
    "import pandas as pd\n",
    "import matplotlib.pyplot as plt\n",
    "from scipy.spatial import Delaunay\n",
    "from pyhull.delaunay import DelaunayTri"
   ]
  },
  {
   "cell_type": "markdown",
   "metadata": {},
   "source": [
    "# My Libraries\n"
   ]
  },
  {
   "cell_type": "code",
   "execution_count": 2,
   "metadata": {},
   "outputs": [],
   "source": [
    "from libraries.Spectrum import *\n",
    "from libraries.MyPlot import *\n",
    "import libraries.MyMath as mm"
   ]
  },
  {
   "cell_type": "markdown",
   "metadata": {},
   "source": [
    "# Initial Data"
   ]
  },
  {
   "cell_type": "code",
   "execution_count": 3,
   "metadata": {
    "tags": []
   },
   "outputs": [
    {
     "name": "stdout",
     "output_type": "stream",
     "text": [
      "(31, 31)\n",
      "[[ 9.48337330e-02 -1.15706432e-01  1.57671450e-01  1.35023433e-01\n",
      "   4.22755300e-02  1.53755334e-02  6.87051862e-01  1.65060110e-01\n",
      "  -5.20889941e-01  2.10782481e-01  4.80351254e-02 -7.75282952e-02\n",
      "  -1.95570897e-01 -7.68911157e-02 -6.91027041e-02  2.13923129e-01\n",
      "   1.08834108e-01 -2.84245420e-02 -7.42043397e-03 -9.44697572e-03\n",
      "  -1.15843315e-02  1.21962832e-02 -2.10442141e-02  3.48476968e-03\n",
      "   1.50492571e-02  1.14911399e-03 -1.21233980e-02  1.79018312e-02\n",
      "  -4.52232092e-03  9.73034988e-03  1.00339508e-02]\n",
      " [ 1.35347498e-01 -1.75450232e-01  2.26715222e-01  1.73014111e-01\n",
      "   1.16781826e-01 -2.45244529e-02  3.51241837e-01  2.46697190e-03\n",
      "   8.13782544e-02 -1.30647508e-01  1.07802750e-02  1.47964215e-01\n",
      "   2.58357489e-01  1.58182544e-01  2.02036340e-01 -6.31192295e-01\n",
      "  -3.21254629e-01  1.05580920e-01  5.22483050e-02  3.05285839e-02\n",
      "   7.83355601e-02 -3.58998972e-02  6.55364916e-02 -1.26354387e-02\n",
      "  -5.51998734e-02  3.30876593e-02  8.36790662e-02 -9.46142175e-02\n",
      "   2.46363387e-02 -5.06570380e-02 -4.57392972e-02]\n",
      " [ 1.44160316e-01 -1.95118551e-01  2.38748471e-01  1.65443205e-01\n",
      "   1.46836907e-01 -3.53031497e-02  1.27646354e-01 -7.41378186e-02\n",
      "   3.21757169e-01 -2.25254795e-01  2.03311785e-02  1.61281936e-01\n",
      "   2.40439370e-01  1.54536044e-02  1.31235901e-02  3.27067203e-01\n",
      "   4.68840366e-02 -1.79503237e-01  7.88760328e-02 -3.47598453e-02\n",
      "  -1.01739549e-01 -2.16781464e-03 -1.40660091e-01  1.05650163e-02\n",
      "   1.26989617e-01 -3.10804979e-01 -4.06770553e-01  2.39526797e-01\n",
      "  -5.45965622e-02  1.79074842e-01  1.53549327e-01]\n",
      " [ 1.44551621e-01 -2.04311446e-01  2.32590251e-01  1.52484949e-01\n",
      "   1.37784874e-01 -3.88710544e-02  1.06274021e-02 -8.37800585e-02\n",
      "   2.94082342e-01 -1.23174101e-01  3.87199098e-02  5.47109859e-02\n",
      "   3.32700261e-02 -1.36332416e-01 -7.08056578e-02  3.87841058e-01\n",
      "   1.60242392e-01 -4.94979043e-03  2.77923855e-02 -1.12076756e-01\n",
      "   1.61128232e-01 -1.61061663e-02  1.91128512e-01 -8.09049557e-02\n",
      "  -2.65172117e-01  3.32894160e-01  3.88640636e-01 -1.87489880e-01\n",
      "   1.10983007e-01 -1.64602684e-01 -1.89827633e-01]\n",
      " [ 1.44705284e-01 -2.13568835e-01  2.22850498e-01  1.39614929e-01\n",
      "   1.02737650e-01 -5.40511215e-02 -1.14961369e-01 -6.64727498e-02\n",
      "   1.69032437e-01  6.24787802e-02 -1.02540608e-02 -1.14733233e-01\n",
      "  -2.72128433e-01 -1.30888418e-01 -1.89207091e-01 -1.53895398e-01\n",
      "   6.91720796e-02  1.51270287e-01 -3.29020082e-01  2.24968789e-01\n",
      "  -2.22997187e-01  1.10715492e-01 -1.41008251e-01  2.35219549e-01\n",
      "   4.79028243e-01  9.52970573e-02  1.91815950e-01 -5.93565462e-02\n",
      "  -1.39898079e-01  1.90296465e-03  1.20824060e-01]\n",
      " [ 1.44259945e-01 -2.21738657e-01  2.05382202e-01  1.19646553e-01\n",
      "   5.77406957e-02 -6.45554684e-02 -2.34216388e-01 -2.50696752e-02\n",
      "   2.53582194e-02  2.21681847e-01 -6.39348286e-02 -1.86710371e-01\n",
      "  -3.46185271e-01 -7.39175526e-02 -1.24576651e-01 -2.20426781e-01\n",
      "   2.88644964e-02  8.81836229e-02 -7.40883407e-02 -4.73240438e-02\n",
      "  -6.33662893e-02 -1.46697254e-01 -1.87076960e-02 -2.23388728e-01\n",
      "  -4.47397897e-01 -2.44835925e-01 -3.17848715e-01  1.27610774e-01\n",
      "   1.08513455e-01 -7.28393341e-02 -2.13912215e-01]\n",
      " [ 1.45470254e-01 -2.30373196e-01  1.77842381e-01  8.21378104e-02\n",
      "  -1.10351712e-02 -5.15530402e-02 -3.07791715e-01  2.42219551e-02\n",
      "  -1.54292563e-01  2.49739692e-01 -1.26657644e-01 -9.84902747e-02\n",
      "  -9.17093051e-02  1.16235278e-01  1.74862001e-01 -1.73520127e-02\n",
      "  -3.37653186e-02 -1.31150838e-01  4.41989380e-01 -6.56902093e-02\n",
      "   2.96616324e-01  1.75084541e-01  1.31390576e-01  4.13918746e-02\n",
      "   5.25200147e-02  2.27427015e-01 -4.10344423e-02 -1.39262844e-02\n",
      "  -9.67764411e-02  2.42549265e-01  3.79992661e-01]\n",
      " [ 1.48443759e-01 -2.39835419e-01  1.31960828e-01  6.30730113e-03\n",
      "  -1.11969613e-01  1.41984504e-02 -2.94124445e-01  6.12812628e-02\n",
      "  -3.25939637e-01  8.67626564e-02 -9.29205570e-02  3.41043261e-02\n",
      "   2.21699804e-01  2.49953555e-01  1.96377873e-01  1.73923734e-01\n",
      "  -7.83631295e-02 -1.34125486e-01  1.29885847e-02 -3.62292960e-02\n",
      "  -1.18712185e-01 -1.11278123e-01 -9.12572173e-02  7.18654254e-02\n",
      "   2.74044057e-01 -2.82744704e-01  1.99475468e-01 -7.10723454e-02\n",
      "   1.03578330e-01 -2.42102001e-01 -4.01466852e-01]\n",
      " [ 1.51377433e-01 -2.46556120e-01  6.09864920e-02 -1.09560288e-01\n",
      "  -2.06155452e-01  1.09842746e-01 -1.84695038e-01  7.82927787e-02\n",
      "  -3.28944280e-01 -1.82309935e-01  6.46428887e-02  1.48264324e-01\n",
      "   2.84961874e-01  1.51676520e-02 -8.41231710e-02  6.58132580e-02\n",
      "  -5.85489654e-02  1.22987111e-01 -4.74740414e-01  3.47740751e-02\n",
      "  -8.28520748e-02 -1.10773183e-01 -4.37971950e-02 -8.74428183e-02\n",
      "  -2.89901649e-01  2.25658114e-01 -3.00883897e-02  5.54159095e-02\n",
      "  -9.19217100e-02  1.29807177e-01  3.27474491e-01]\n",
      " [ 1.54089161e-01 -2.46152319e-01 -1.98993076e-02 -2.35476173e-01\n",
      "  -2.65928764e-01  1.66188526e-01 -2.68381598e-02  5.32217328e-02\n",
      "  -1.14310290e-01 -3.33885454e-01  1.82753578e-01  1.01478929e-01\n",
      "  -1.29767653e-02 -2.71489429e-01 -2.25173106e-01 -1.43466624e-01\n",
      "   1.74524685e-01  1.45970042e-01  3.10299299e-01  1.39459420e-01\n",
      "   7.35542961e-02  3.39950536e-01  1.76378477e-01  7.17882018e-02\n",
      "   1.06947012e-01 -3.34310615e-02 -1.98251780e-01 -3.05971777e-03\n",
      "   5.12645074e-02 -4.04511670e-02 -2.52298039e-01]\n",
      " [ 1.59173674e-01 -2.33932850e-01 -9.13154097e-02 -3.08621883e-01\n",
      "  -2.75723600e-01  1.66250265e-01  1.44693911e-01 -6.87131367e-03\n",
      "   1.85705556e-01 -1.94319221e-01  1.18391506e-01 -1.45073233e-01\n",
      "  -3.30692468e-01 -4.19471236e-02  1.01851649e-01 -6.87744211e-02\n",
      "  -5.20417775e-02 -1.85959509e-01  1.03832759e-01 -2.74341738e-01\n",
      "   3.38058645e-02 -3.89909614e-01 -1.88202065e-01 -5.33871715e-02\n",
      "   4.76751239e-02 -1.56746440e-01  2.63092272e-01 -2.51782313e-02\n",
      "  -6.43063518e-03  1.85886230e-02  2.15220197e-01]\n",
      " [ 1.66709604e-01 -2.03034714e-01 -1.60700675e-01 -2.88211373e-01\n",
      "  -1.86102906e-01  9.12749664e-02  2.19612071e-01 -7.47383752e-03\n",
      "   3.12986112e-01  2.14999151e-01 -1.47245661e-01 -2.17218132e-01\n",
      "  -3.11235048e-02  2.71209167e-01  2.61495768e-01  1.47746146e-01\n",
      "  -1.27752256e-01 -8.15772589e-02 -2.24649481e-01  2.05901738e-01\n",
      "  -5.06110508e-02  2.42008306e-01  9.36974004e-02  3.86839667e-02\n",
      "  -5.33250667e-02  2.54763469e-01 -2.23953987e-01  5.17328223e-02\n",
      "  -2.58835729e-02 -2.87603391e-03 -2.11092740e-01]\n",
      " [ 1.72355238e-01 -1.64611641e-01 -2.34844129e-01 -2.17890603e-01\n",
      "   1.88404767e-02 -8.80936602e-02  1.17250277e-01 -2.08260849e-02\n",
      "   1.51486138e-01  4.35568628e-01 -2.28025209e-01  1.12767375e-01\n",
      "   3.20405362e-01 -1.33811199e-02 -2.43005592e-01  1.71490075e-03\n",
      "   1.88406920e-01  3.45422551e-01  1.26753699e-01  1.10209670e-02\n",
      "  -2.34611671e-02  5.59308917e-04  3.37770108e-02 -3.18397922e-02\n",
      "  -5.14319697e-02 -3.14456708e-01  1.86070133e-01 -1.05730747e-01\n",
      "   6.37036081e-02 -9.44783568e-03  2.31979296e-01]\n",
      " [ 1.74939225e-01 -1.32708885e-01 -2.83957533e-01 -1.47615847e-01\n",
      "   2.11630553e-01 -2.60296995e-01 -9.75364785e-03 -1.31686788e-01\n",
      "  -6.99241294e-02  2.10991618e-01  4.36983464e-02  3.13855847e-01\n",
      "   5.52147448e-02 -2.37911516e-01 -1.67797235e-01 -1.25246292e-01\n",
      "  -8.98014135e-02 -2.70488366e-01 -2.18346897e-02 -2.16314242e-01\n",
      "   9.45871150e-02 -2.10979559e-01 -1.40002326e-01  3.12809794e-02\n",
      "   1.61788279e-01  3.44685497e-01 -1.44724472e-01  1.70586292e-01\n",
      "  -1.06323218e-01  6.52319623e-03 -2.39077554e-01]\n",
      " [ 1.78698629e-01 -1.03116933e-01 -2.98957939e-01 -6.83454229e-02\n",
      "   3.05509599e-01 -3.13120491e-01 -4.67145066e-02 -1.74412076e-01\n",
      "  -1.55681860e-01 -1.44384307e-01  2.23500434e-01  1.38661834e-01\n",
      "  -2.27340545e-01 -5.37449240e-02  2.49223362e-01  6.81438243e-02\n",
      "  -1.34932425e-01 -1.82963011e-01 -8.37011033e-02  2.48046588e-01\n",
      "  -1.10187706e-01  2.51140071e-01  1.42983132e-01 -1.19715041e-02\n",
      "  -1.70920196e-01 -2.67261246e-01  9.71115701e-02 -1.86741169e-01\n",
      "   1.01320612e-01 -3.36951523e-02  1.77345005e-01]\n",
      " [ 1.86457006e-01 -6.28655526e-02 -2.93025605e-01  5.46872207e-02\n",
      "   2.82235547e-01 -1.76352605e-01 -1.58346426e-02 -4.63508096e-03\n",
      "  -1.09547078e-01 -3.08735695e-01  5.87856469e-02 -3.21024328e-01\n",
      "  -1.46494079e-02  2.95843982e-01  1.41877474e-01  7.04894028e-02\n",
      "   1.98863688e-01  5.19439303e-01  1.02820611e-01 -1.06432604e-01\n",
      "   4.56755165e-02 -1.63651616e-01 -8.73649498e-02 -1.89691394e-02\n",
      "   9.94211935e-02  1.34827762e-01 -6.69962083e-02  1.36682995e-01\n",
      "  -5.72859592e-02  5.98895247e-02 -9.22169898e-02]\n",
      " [ 1.94497071e-01 -1.34626697e-02 -2.78698149e-01  1.92907938e-01\n",
      "   1.82013447e-01  1.32804526e-01 -1.52538831e-02  2.84507733e-01\n",
      "  -9.19808120e-03 -2.01339755e-01 -2.26019325e-01 -3.98004771e-01\n",
      "   1.82086561e-01  6.94123522e-02 -3.92865849e-01 -1.38066595e-01\n",
      "   2.21228612e-02 -4.43527390e-01 -9.73641186e-02 -3.81996420e-02\n",
      "   8.85724075e-02  1.04925850e-01  6.01038416e-02  2.58355565e-02\n",
      "  -2.69730852e-02 -5.86788888e-02  2.06696023e-02 -8.05123763e-02\n",
      "   3.99215141e-02 -7.87600712e-02  5.92397442e-02]\n",
      " [ 1.98601524e-01  2.86932514e-02 -2.56299708e-01  2.85971292e-01\n",
      "   6.29986320e-02  3.31753895e-01 -7.66128907e-02  3.66745199e-01\n",
      "   7.33108655e-02  4.94149402e-02 -1.48867188e-01  1.23662137e-01\n",
      "  -5.52177716e-02 -3.88941715e-01  2.23017527e-01  1.17298689e-01\n",
      "  -2.89012692e-01  1.63625348e-01  1.88643289e-01  9.54360692e-02\n",
      "  -2.86641594e-01 -8.48961496e-02 -3.61878719e-02  4.04321507e-02\n",
      "  -7.05636561e-02  5.49026805e-02  7.05626137e-02  4.83991908e-02\n",
      "  -4.79446343e-02  1.54738025e-01 -7.68425099e-02]\n",
      " [ 2.02635950e-01  6.65355897e-02 -2.02804840e-01  3.17067481e-01\n",
      "  -8.25393561e-02  3.06112013e-01 -4.09136056e-02  5.70397655e-02\n",
      "   7.97542300e-02  1.32375368e-01  1.58891980e-01  3.40107345e-01\n",
      "  -1.53965211e-01  1.31498479e-01  1.55210688e-01 -3.17734020e-02\n",
      "   2.31701094e-01  6.18382383e-02 -2.54970287e-01 -9.97133760e-02\n",
      "   4.15223547e-01  1.02799764e-01 -5.23020058e-02 -1.51874756e-01\n",
      "   1.58175725e-01 -7.41014492e-02 -1.25928327e-01 -1.70408171e-02\n",
      "   4.75533566e-02 -2.73602487e-01  1.07164767e-01]\n",
      " [ 2.05677334e-01  1.05359590e-01 -1.31999514e-01  2.90652869e-01\n",
      "  -2.13967671e-01  1.31548229e-01  1.06570435e-02 -3.05826313e-01\n",
      "   2.97219913e-03  1.19800247e-01  2.91648562e-01  8.21712265e-02\n",
      "  -1.87934190e-02  3.30085535e-01 -1.96362319e-01 -6.55339483e-02\n",
      "   1.64525400e-01 -1.31546918e-01  1.06203765e-01  1.02811119e-01\n",
      "  -2.44476809e-01 -2.02681802e-01  2.12714838e-01  2.23867286e-01\n",
      "  -1.19163685e-01  1.78781406e-02  7.14317927e-02 -5.62648305e-02\n",
      "  -4.07851680e-02  3.55049287e-01 -1.29157122e-01]\n",
      " [ 2.06597813e-01  1.39672149e-01 -6.13360443e-02  2.18479563e-01\n",
      "  -2.76048500e-01 -5.05018731e-02  3.32438486e-02 -4.08220610e-01\n",
      "  -5.18966399e-02  3.09720491e-02  9.36988029e-02 -2.18041216e-01\n",
      "   1.26163324e-01 -8.35149859e-02 -1.10859601e-01  5.93066174e-02\n",
      "  -2.98118259e-01  6.47023811e-02  1.69075847e-01 -1.36630504e-01\n",
      "  -1.93050968e-01  2.83375335e-01 -2.94541203e-01 -2.17867700e-01\n",
      "   6.95068462e-03  1.29873178e-01  1.37111328e-02  9.85997560e-02\n",
      "   1.15853192e-01 -3.00084867e-01  1.36870185e-01]\n",
      " [ 2.06130651e-01  1.65150506e-01 -3.39084358e-03  1.25261583e-01\n",
      "  -2.67133137e-01 -1.88654188e-01  4.09154019e-02 -2.45008394e-01\n",
      "  -5.26195748e-02 -6.49446075e-02 -2.05297256e-01 -1.92128611e-01\n",
      "   1.07786811e-01 -3.39960250e-01  1.37938283e-01  4.56713907e-02\n",
      "  -4.83906122e-02  3.03757411e-02 -1.63881658e-01  2.08305300e-01\n",
      "   4.59197273e-01 -1.44843811e-01  1.12676970e-01  1.20408608e-01\n",
      "  -1.55022337e-02 -2.31793260e-01  7.56252241e-02  1.01200529e-01\n",
      "  -2.87881812e-01  1.09822230e-01 -1.18803013e-01]\n",
      " [ 2.05043707e-01  1.81175066e-01  3.72118775e-02  3.83337415e-02\n",
      "  -2.26300026e-01 -2.64621391e-01  3.75769936e-02  2.43554064e-02\n",
      "  -1.62246270e-02 -1.31210000e-01 -3.41678138e-01  7.01299791e-02\n",
      "  -4.29355532e-02 -1.10471933e-01  1.52801842e-01 -4.75058686e-02\n",
      "   2.01066101e-01 -1.56346872e-02 -4.45446694e-02 -1.68373030e-01\n",
      "  -2.39911087e-01 -1.65596664e-01  1.47745880e-01 -5.65247165e-03\n",
      "   1.35011995e-01  1.40769420e-01 -3.25467898e-01 -4.75694852e-01\n",
      "   2.51638027e-01 -1.41278650e-02  9.28239030e-02]\n",
      " [ 2.05005851e-01  1.90067853e-01  6.67338244e-02 -2.57746439e-02\n",
      "  -1.64390308e-01 -2.75423440e-01  1.97635996e-02  2.12900950e-01\n",
      "   2.89527808e-02 -1.22147361e-01 -2.33380821e-01  2.34130719e-01\n",
      "  -1.63131712e-01  1.49652750e-01 -1.67043549e-02 -8.86258425e-02\n",
      "   1.18642833e-01 -4.29079431e-02 -6.36277629e-02 -1.07058515e-01\n",
      "  -2.77049701e-02  2.91081388e-01 -1.18125146e-01 -2.28448151e-02\n",
      "  -7.20295299e-02 -5.99859524e-03  3.24781642e-01  4.59464731e-01\n",
      "   2.46895234e-01  2.53523261e-01 -8.66071620e-02]\n",
      " [ 2.04287238e-01  1.92766340e-01  9.14635139e-02 -6.80347109e-02\n",
      "  -9.34385373e-02 -2.30089464e-01 -7.27550593e-03  2.84208605e-01\n",
      "   7.01502355e-02 -4.59942284e-02  2.53011667e-02  1.50583816e-01\n",
      "  -1.30370214e-01  2.12786792e-01 -1.72785461e-01  7.58878878e-02\n",
      "  -9.05062320e-02 -8.51545960e-03  1.95122153e-01  2.20299768e-01\n",
      "  -9.00634741e-02 -1.82103205e-01  1.62465313e-01  3.30518920e-02\n",
      "  -6.29962436e-02  4.05192946e-02 -4.13427456e-02  1.26334481e-01\n",
      "  -4.25763417e-01 -5.00791423e-01  1.35639879e-01]\n",
      " [ 2.04218164e-01  1.93515100e-01  1.14477601e-01 -9.82533442e-02\n",
      "  -1.89326841e-02 -1.48410491e-01 -3.70393340e-02  2.66813709e-01\n",
      "   8.66395668e-02  6.64141556e-02  2.68452005e-01 -1.99015525e-02\n",
      "   5.31630597e-03  8.54168954e-02 -1.48616407e-01  9.06991296e-02\n",
      "  -2.01622239e-01  7.90618689e-02 -2.78461051e-02 -1.01252183e-01\n",
      "   1.55032475e-01  1.68424839e-01 -3.50800688e-01 -1.14684933e-01\n",
      "  -4.47733036e-02 -9.09197918e-02 -5.21126102e-02 -4.89525861e-01\n",
      "  -2.18339351e-01  3.10466245e-01 -1.94668838e-01]\n",
      " [ 2.03808094e-01  1.92506552e-01  1.30784215e-01 -1.25293261e-01\n",
      "   5.37166962e-02 -4.45620533e-02 -5.30731579e-02  1.90114939e-01\n",
      "   6.39278270e-02  1.41591098e-01  3.56605084e-01 -1.71880927e-01\n",
      "   1.23848964e-01 -8.36492247e-02 -1.87685049e-02  4.92823806e-02\n",
      "  -1.23712238e-01  2.41272806e-02 -9.67507344e-03  2.55844165e-01\n",
      "   1.81693674e-01 -2.43323667e-01  2.60700490e-02  2.06149957e-01\n",
      "   8.98721374e-02  6.73580290e-02 -7.34763205e-02  1.38079057e-01\n",
      "   6.08568455e-01 -1.56679636e-02  1.19558203e-01]\n",
      " [ 2.03062075e-01  1.91910256e-01  1.36814101e-01 -1.49780900e-01\n",
      "   1.16965286e-01  6.53171615e-02 -3.77761110e-02  6.75434798e-02\n",
      "   1.52692954e-02  1.32139605e-01  2.63483673e-01 -1.82001553e-01\n",
      "   1.59283992e-01 -1.50746563e-01  1.62910448e-01 -8.71194299e-02\n",
      "   9.00216061e-02 -3.63031652e-02 -1.31134323e-01 -3.11324961e-01\n",
      "  -2.23020204e-01  9.57732907e-02  4.84190827e-01 -3.43058063e-01\n",
      "   1.99162237e-01 -7.44150642e-02  8.45838549e-02  1.61981681e-01\n",
      "  -1.92838075e-01  6.20960084e-02 -1.26568469e-02]\n",
      " [ 2.02720159e-01  1.93348722e-01  1.36137874e-01 -1.72501742e-01\n",
      "   1.67062047e-01  1.72555505e-01 -2.08368743e-02 -6.52966539e-02\n",
      "  -3.87704473e-02  4.76200965e-02  3.06387600e-02 -5.56325429e-02\n",
      "   1.14038681e-01 -1.05537558e-01  2.52661972e-01 -1.25825613e-01\n",
      "   3.18309786e-01 -6.20534052e-02  2.60409200e-02 -1.74511255e-01\n",
      "  -8.96499339e-02  1.43923317e-01 -2.90068855e-01  5.34253014e-01\n",
      "  -3.24096784e-01  9.99871217e-03 -1.43534317e-02 -6.67078171e-03\n",
      "  -1.45455103e-01 -1.92707136e-01  3.04308482e-02]\n",
      " [ 2.02301445e-01  1.94021609e-01  1.33144416e-01 -1.97450566e-01\n",
      "   2.10683128e-01  2.56360485e-01 -1.41953042e-03 -1.86476592e-01\n",
      "  -8.63309476e-02 -4.49813277e-02 -1.83647431e-01  4.30151064e-02\n",
      "   1.45482224e-02  2.53173979e-02  3.68054133e-02 -6.46655000e-02\n",
      "   2.31982670e-01 -1.45921517e-01  1.40108798e-01  4.84035877e-01\n",
      "  -3.89197511e-03 -1.21007014e-01 -2.49358636e-01 -4.84161840e-01\n",
      "   5.60271462e-02  1.14414078e-01  5.97365410e-02 -4.64441991e-02\n",
      "  -8.99029945e-03  6.88585091e-02 -3.64975883e-02]\n",
      " [ 2.02868237e-01  1.95527935e-01  1.31799786e-01 -2.17262742e-01\n",
      "   2.49049266e-01  3.26645028e-01  3.68021597e-03 -2.77547404e-01\n",
      "  -1.04367680e-01 -1.00244844e-01 -2.76685208e-01  1.38515224e-01\n",
      "  -2.19355427e-01  1.47136473e-01 -2.38911375e-01  1.44861085e-01\n",
      "  -3.89955166e-01  1.76995240e-01 -6.81355338e-02 -2.23130279e-01\n",
      "   1.01500985e-01  1.10438805e-02  2.19186259e-01  1.70723822e-01\n",
      "   6.12484439e-02 -7.80495314e-02 -5.95324552e-02 -1.36511151e-02\n",
      "   7.62484599e-02  3.03249265e-02  3.96194801e-03]]\n",
      "(3, 31)\n"
     ]
    }
   ],
   "source": [
    "start_wave = 400\n",
    "end_wave = 700\n",
    "data_size = 31\n",
    "distance = (end_wave - start_wave) / (data_size - 1)\n",
    "\n",
    "blue_sample_num = 7\n",
    "yellow_sample_num = 7\n",
    "red_sample_num = 7\n",
    "\n",
    "maxRMS = 0.001\n",
    "precise = 6\n",
    "\"\"\"\n",
    "Creating Wave lengths array for plots\n",
    "Creating Example Data for checking plots\n",
    "\"\"\"\n",
    "# [400, 410, 420, ..., 700]\n",
    "wave_length = mm.array_distance(400, distance, 700)\n",
    "\n",
    "# [1, 1, 1, ..., 1]\n",
    "example_data = mm.array_repeat(1, data_size)\n",
    "\n",
    "\"\"\"\n",
    "Start Getting Data From Excel file\n",
    "\"\"\"\n",
    "data = pd.read_excel(\"data/data.xls\")\n",
    "\n",
    "extract_data = pd.DataFrame(data, columns=[\"c\"])\n",
    "c = extract_data.to_numpy()\n",
    "c = mm.cleanNaN(c)\n",
    "\n",
    "R_red = []\n",
    "for i in range(1, red_sample_num + 1):\n",
    "    extract_data = pd.DataFrame(data, columns=[\"r\" + str(i)])\n",
    "    R_red.append(extract_data.to_numpy())\n",
    "\n",
    "R_yellow = []\n",
    "for i in range(1, yellow_sample_num + 1):\n",
    "    extract_data = pd.DataFrame(data, columns=[\"y\" + str(i)])\n",
    "    R_yellow.append(extract_data.to_numpy())\n",
    "\n",
    "R_blue = []\n",
    "for i in range(1, blue_sample_num + 1):\n",
    "    extract_data = pd.DataFrame(data, columns=[\"b\" + str(i)])\n",
    "    R_blue.append(extract_data.to_numpy())\n",
    "\n",
    "\n",
    "extract_data = pd.DataFrame(data, columns=[\"Rsub\"])\n",
    "R_sub = extract_data.to_numpy()\n",
    "k_sub = mm.applyFunction(R_sub, find_KOVERS)\n",
    "\n",
    "extract_data = pd.DataFrame(data, columns=[\"Rstd\"])\n",
    "R_std = extract_data.to_numpy()\n",
    "k_std = mm.applyFunction(R_std, find_KOVERS)\n",
    "\n",
    "extract_data = pd.DataFrame(data, columns=[\"xbar\"])\n",
    "xbar = extract_data.to_numpy()\n",
    "\n",
    "extract_data = pd.DataFrame(data, columns=[\"ybar\"])\n",
    "ybar = extract_data.to_numpy()\n",
    "\n",
    "extract_data = pd.DataFrame(data, columns=[\"zbar\"])\n",
    "zbar = extract_data.to_numpy()\n",
    "\n",
    "viewer = Viewer(xbar, ybar, zbar)\n",
    "\n",
    "extract_data = pd.DataFrame(data, columns=[\"D65\"])\n",
    "E_D65 = extract_data.to_numpy()\n",
    "light_source = LightSource(E_D65)\n",
    "\n",
    "munsell_size = 1269\n",
    "munsell_R = []\n",
    "data = pd.read_excel(\"data/Munsell400_10_700.xlsx\")\n",
    "for i in range(munsell_size):\n",
    "    newdata = data[data.columns[i]]\n",
    "    newdata = newdata.to_numpy()\n",
    "    # newdata = np.array([newdata])\n",
    "    munsell_R.append(newdata)\n",
    "munsell_R = np.array(munsell_R).T\n",
    "\n",
    "munsell_A = np.cov(munsell_R)\n",
    "print(munsell_A.shape)\n",
    "eigenValues, eigenVectors = linalg.eig(munsell_A)\n",
    "idx = eigenValues.argsort()[::-1]\n",
    "eigenValues = eigenValues[idx]\n",
    "eigenVectors = eigenVectors[:, idx]\n",
    "\n",
    "print(eigenVectors)\n",
    "print(eigenVectors[0:3].shape)"
   ]
  },
  {
   "cell_type": "markdown",
   "metadata": {},
   "source": [
    "# K OVER S for dyes"
   ]
  },
  {
   "cell_type": "code",
   "execution_count": 4,
   "metadata": {},
   "outputs": [],
   "source": [
    "# initial object to find K OVER S for Blue Dye\n",
    "BBB = Dye(blue_sample_num, data_size)\n",
    "BBB.setR(R_blue)\n",
    "BBB.setC(c)\n",
    "BBB.setSub(R_sub)\n",
    "\n",
    "\n",
    "# initial object to find K OVER S for Red Dye\n",
    "RRR = Dye(red_sample_num, data_size)\n",
    "RRR.setR(R_red)\n",
    "RRR.setC(c)\n",
    "RRR.setSub(R_sub)\n",
    "\n",
    "\n",
    "# initial object to find K OVER S for Yellow Dye\n",
    "YYY = Dye(yellow_sample_num, data_size)\n",
    "YYY.setR(R_yellow)\n",
    "YYY.setC(c)\n",
    "YYY.setSub(R_sub)\n",
    "\n",
    "blue_KOVERS = BBB.getKOVERS()\n",
    "red_KOVERS = RRR.getKOVERS()\n",
    "yellow_KOVERS = YYY.getKOVERS()"
   ]
  },
  {
   "cell_type": "markdown",
   "metadata": {},
   "source": [
    "# Method 1 Spectrophotometric Matching"
   ]
  },
  {
   "cell_type": "code",
   "execution_count": 5,
   "metadata": {},
   "outputs": [],
   "source": [
    "all_KOVERS = np.hstack((blue_KOVERS, red_KOVERS, yellow_KOVERS))\n",
    "delta_KOVERS = mm.sum([k_std, -1 * k_sub])\n",
    "C_First = findC1(all_KOVERS, delta_KOVERS)\n",
    "\n",
    "\n",
    "First = Mixture(R_sub)\n",
    "First.add(C_First[0], blue_KOVERS)\n",
    "First.add(C_First[1], red_KOVERS)\n",
    "First.add(C_First[2], yellow_KOVERS)\n",
    "KOVERS_First = First.getKOVERS()\n",
    "R_First = First.getR()\n",
    "\n",
    "EST = Observation(light_source, viewer, R_First)\n",
    "STD = Observation(light_source, viewer, R_std)\n",
    "compare_1 = Compare(EST, STD)\n",
    "RMS_First = compare_1.RMS()\n",
    "DeltaE_First = compare_1.delta_E()"
   ]
  },
  {
   "cell_type": "markdown",
   "metadata": {},
   "source": [
    "# Method 2 Colorimetric Matching"
   ]
  },
  {
   "cell_type": "code",
   "execution_count": 6,
   "metadata": {},
   "outputs": [],
   "source": [
    "Data3 = findC2(STD, R_sub, C_First, all_KOVERS, maxRMS)\n",
    "C_Last = Data3[0]\n",
    "all_E = Data3[1]\n",
    "num_tried = Data3[2]\n",
    "\n",
    "\n",
    "Last = Mixture(R_sub)\n",
    "Last.add(C_Last[0], blue_KOVERS)\n",
    "Last.add(C_Last[1], red_KOVERS)\n",
    "Last.add(C_Last[2], yellow_KOVERS)\n",
    "KOVERS_Last = Last.getKOVERS()\n",
    "R_Last = Last.getR()\n",
    "\n",
    "ESTN = Observation(light_source, viewer, R_Last)\n",
    "compare_2 = Compare(STD, ESTN)\n",
    "RMS_Last = compare_2.RMS()\n",
    "DeltaE_Last = compare_2.delta_E()"
   ]
  },
  {
   "cell_type": "markdown",
   "metadata": {},
   "source": [
    "# SET R Substrate to 1"
   ]
  },
  {
   "cell_type": "code",
   "execution_count": 7,
   "metadata": {},
   "outputs": [],
   "source": [
    "R_sub = np.array([mm.array_repeat(1, data_size)]).T"
   ]
  },
  {
   "cell_type": "markdown",
   "metadata": {},
   "source": [
    "# Method 3 Interpolation using XYZ"
   ]
  },
  {
   "cell_type": "code",
   "execution_count": 8,
   "metadata": {},
   "outputs": [
    {
     "name": "stdout",
     "output_type": "stream",
     "text": [
      "[0.23420132 0.27092521 0.0280852 ]\n",
      "0.2450273841718568\n",
      "3.7231107982639418\n"
     ]
    }
   ],
   "source": [
    "pr = 10\n",
    "Dis1 = np.linspace(0 * C_First[0], 1, pr)\n",
    "Dis2 = np.linspace(0 * C_First[1], 1, pr)\n",
    "Dis3 = np.linspace(0 * C_First[2], 1, pr)\n",
    "\n",
    "XYZ_Lookup = []\n",
    "C_Lookup = []\n",
    "\n",
    "Mix = Mixture(R_sub)\n",
    "for x in range(pr):\n",
    "    for y in range(pr):\n",
    "        for z in range(pr):\n",
    "            Mix.clear()\n",
    "            Mix.add(Dis1[x][0], blue_KOVERS)\n",
    "            Mix.add(Dis2[y][0], red_KOVERS)\n",
    "            Mix.add(Dis3[z][0], yellow_KOVERS)\n",
    "            Temp = Observation(light_source, viewer, Mix.getR())\n",
    "            XYZ_Lookup.append([Temp.getX(), Temp.getY(), Temp.getZ()])\n",
    "            C_Lookup.append([Dis1[x][0], Dis2[y][0], Dis3[z][0]])\n",
    "\n",
    "XYZ_Lookup = np.array(XYZ_Lookup)\n",
    "C_Lookup = np.array(C_Lookup)\n",
    "\n",
    "Temp = Observation(light_source, viewer, R_std)\n",
    "Find = [Temp.getX(), Temp.getY(), Temp.getZ()]\n",
    "calc = MyDelaunay(XYZ_Lookup)\n",
    "res = calc.getResult(Find, C_Lookup)\n",
    "C_Inter1 = res[0]\n",
    "\n",
    "Mix.clear()\n",
    "Mix.add(C_Inter1[0], blue_KOVERS)\n",
    "Mix.add(C_Inter1[1], red_KOVERS)\n",
    "Mix.add(C_Inter1[2], yellow_KOVERS)\n",
    "R_Inter1 = Mix.getR()\n",
    "Inter1 = Observation(light_source, viewer, Mix.getR())\n",
    "STD = Observation(light_source, viewer, R_std)\n",
    "compare_3 = Compare(Inter1, STD)\n",
    "RMS_Inter1 = compare_3.RMS()\n",
    "DeltaE_Inter1 = compare_3.delta_E()\n",
    "\n",
    "print(C_Inter1)\n",
    "print(RMS_Inter1)\n",
    "print(DeltaE_Inter1)"
   ]
  },
  {
   "cell_type": "markdown",
   "metadata": {},
   "source": [
    "# Method 4 Interpolation using R Principal Component 3D"
   ]
  },
  {
   "cell_type": "code",
   "execution_count": 9,
   "metadata": {},
   "outputs": [
    {
     "name": "stdout",
     "output_type": "stream",
     "text": [
      "[0.11111111 0.21893821 0.12018927]\n",
      "0.24728828616985385\n"
     ]
    },
    {
     "data": {
